"File","Task Condition","Fit type","R","Rmin","Rmax","dprime","dmin","dmax","AUROC"
NA,NA,NA,NA,NA,NA,NA,NA,NA,NA
"../data/09RaN4UIEharoVW5g8y6_responses.xlsx","AllFreq","Conf",0.212044841449518,4.07904270578228e-05,0.352908545047833,0,3.13384721580352e-05,0.432748376891289,0.605984033759796
"../data/09RaN4UIEharoVW5g8y6_responses.xlsx","LoFreq","Conf",0.0983425273625897,4.06938630474634e-05,0.356241186539908,0.106248021677174,3.13384721580352e-05,0.469709925687264,0.576128277451062
"../data/09RaN4UIEharoVW5g8y6_responses.xlsx","HiFreq","Conf",0.249984097353527,4.08112244892237e-05,0.426124519610876,0,3.13384721580352e-05,0.499261559280672,0.624952460128043
"../data/0byyJjFw7xaS6bv4Xbbl_responses.xlsx","AllFreq","Conf",0.0121767455655862,4.44832695970022e-05,0.115592593605578,0,3.13384721580352e-05,0.1001281689092,0.5060563158886
"../data/0byyJjFw7xaS6bv4Xbbl_responses.xlsx","LoFreq","Conf",0,6.60408543905442e-05,0.0779983437074435,0,3.13384721580352e-05,0.0877623251261344,0.499968328757859
"../data/0byyJjFw7xaS6bv4Xbbl_responses.xlsx","HiFreq","Conf",0.0844898782108877,4.07151111403346e-05,0.225319091882518,0,3.13384721580352e-05,0.200016658191044,0.542210591964249
"../data/0C3Qh8c36OkJxrrCDwUB_responses.xlsx","AllFreq","Conf",0.449531202411699,0.348882680425008,0.526085320089276,0,3.13384721580352e-05,0.387268042872663,0.724719692752387
"../data/0C3Qh8c36OkJxrrCDwUB_responses.xlsx","LoFreq","Conf",0.161558512176477,0.0780939039802041,0.260328781423136,0,3.13384721580352e-05,0.266078011180074,0.580742468087919
"../data/0C3Qh8c36OkJxrrCDwUB_responses.xlsx","HiFreq","Conf",0.705118560248797,0.542083502730788,0.821513105887548,0.489339868258423,8.14442012653855e-05,1.18731167139755,0.892372630202317
"../data/0dJglgq09qU4bHYDfkET_responses.xlsx","AllFreq","Conf",0,4.06932362600074e-05,0.291543836188463,0.216471183588383,3.13384721580352e-05,0.579900891766824,0.560778007808494
"../data/0dJglgq09qU4bHYDfkET_responses.xlsx","LoFreq","Conf",0,6.60408543905442e-05,0.193073978450406,0,3.13384721580352e-05,0.358648893124434,0.499968328757859
"../data/0dJglgq09qU4bHYDfkET_responses.xlsx","HiFreq","Conf",0,4.07003093649517e-05,0.599900220200372,0.517004638219276,8.14458678846753e-05,0.997472091935211,0.642568340358594
"../data/0frgcAbRqChDchaRBwUo_responses.xlsx","AllFreq","Conf",0.271387102782536,4.0709336481683e-05,0.477285077551057,1.16093043221786,0.620091562313603,1.67744998801118,0.849699947380486
"../data/0frgcAbRqChDchaRBwUo_responses.xlsx","LoFreq","Conf",0.501945848828626,4.07183857682635e-05,0.753244470567133,1.27067803376291,8.15175210431647e-05,2.13364978363913,0.907745750210779
"../data/0frgcAbRqChDchaRBwUo_responses.xlsx","HiFreq","Conf",0.0389228227609524,4.07313327121643e-05,0.317997173251217,1.12056533588963,0.506904479051871,1.4459616767038,0.793965565817643
"../data/0QdYxTabECPS8sKiqFTT_responses.xlsx","AllFreq","Conf",0.131838564093078,4.06965887365217e-05,0.223853670290363,0.705278831737415,0.39938456024342,1.02237454703237,0.731611041931956
"../data/0QdYxTabECPS8sKiqFTT_responses.xlsx","LoFreq","Conf",0.178142650939748,4.07015362335219e-05,0.326896169516159,1.03365716980493,0.611927992157529,1.4844011332404,0.808736998111272
"../data/0QdYxTabECPS8sKiqFTT_responses.xlsx","HiFreq","Conf",0.0873019880079082,4.06944104844932e-05,0.203778412209036,0.431846744492998,0.0368230683735478,0.793722248564511,0.653055159471933
"../data/0VrYliuVSykEMQQiLToH_responses.xlsx","AllFreq","Conf",0.0856674384161956,0.00757421637340181,0.165732383915003,0.280538618696878,0.0156262400516324,0.535279086830327,0.614662588388455
"../data/0VrYliuVSykEMQQiLToH_responses.xlsx","LoFreq","Conf",0.176154080661086,4.91585314071641e-05,0.325264283145193,0.72605858460563,0.352681750453193,1.08515060573554,0.749547342353253
"../data/0VrYliuVSykEMQQiLToH_responses.xlsx","HiFreq","Conf",0,6.60408543905442e-05,0.0418249008655957,0,3.13384721580352e-05,0.219502390119161,0.499968328757859
"../data/11qM4eXcxkc1hI23kKW9_responses.xlsx","AllFreq","Conf",0.408278651651764,0.119227587679017,0.543895942218362,0.441506778491841,8.14943934448948e-05,1.07900138733578,0.776572843454232
"../data/11qM4eXcxkc1hI23kKW9_responses.xlsx","LoFreq","Conf",0.462896286784273,4.07184467616952e-05,0.65359103269361,0.650249111873557,8.14508229245789e-05,1.53939319815484,0.826483494028253
"../data/11qM4eXcxkc1hI23kKW9_responses.xlsx","HiFreq","Conf",0.356040212107404,0.017794525999866,0.49330057885516,0.248512532978749,8.14620896854947e-05,1.0203520828088,0.722873284155412
"../data/15TRDE8yE1yymY1CUJF7_responses.xlsx","AllFreq","Conf",0.174363837038577,4.07231931152918e-05,0.387671065902001,0.0405676835694127,3.13384721580352e-05,0.409662900523813,0.59658958015234
"../data/15TRDE8yE1yymY1CUJF7_responses.xlsx","LoFreq","Conf",0,6.60408543905442e-05,0.0602993105380829,0,3.13384721580352e-05,0.0646458795660442,0.499968328757859
"../data/15TRDE8yE1yymY1CUJF7_responses.xlsx","HiFreq","Conf",0,4.06916621915553e-05,0.986204028029648,1.8522184749941,8.14077807856754e-05,2.55498941968951,0.903797631037833
"../data/18Qs0CslyhfR5XeoHYbb_responses.xlsx","AllFreq","Conf",0,6.60408543905442e-05,0.0575096293790601,0,3.13384721580352e-05,0.0899187870748272,0.499968328757859
"../data/18Qs0CslyhfR5XeoHYbb_responses.xlsx","LoFreq","Conf",0,6.60408543905442e-05,0.0478912760852004,0,3.13384721580352e-05,0.0786551405450335,0.499968328757859
"../data/18Qs0CslyhfR5XeoHYbb_responses.xlsx","HiFreq","Conf",0,4.06916262798884e-05,0.203769824513616,0,3.13384721580352e-05,0.290413650702997,0.499968328757859
"../data/1ak7yQUoIX150qiE0LYe_responses.xlsx","AllFreq","Conf",0.120625130310484,4.06943263471552e-05,0.540117852268922,0.455192484127517,8.13990967460703e-05,0.778034377609105,0.671228764666012
"../data/1ak7yQUoIX150qiE0LYe_responses.xlsx","LoFreq","Conf",0.685929194949448,4.0727651154048e-05,0.807239863700596,0,8.138069226604e-05,1.11334947417377,0.842911202003506
"../data/1ak7yQUoIX150qiE0LYe_responses.xlsx","HiFreq","Conf",0,4.07870821378875e-05,0.328074554542988,0.270276324189511,8.14379791552878e-05,0.539681459881913,0.575726367052084
"../data/1OAr1dV6PSYYmDOGGm1L_responses.xlsx","AllFreq","Conf",0.528006356051483,4.07193761688196e-05,0.731867099113956,0.757001239854466,8.16022148604592e-05,1.55039692280615,0.860032712993416
"../data/1OAr1dV6PSYYmDOGGm1L_responses.xlsx","LoFreq","Conf",0.667104220372555,4.07056868329393e-05,0.823040739973411,0.48283767822616,8.14113407214002e-05,1.60276979766124,0.877935953375527
"../data/1OAr1dV6PSYYmDOGGm1L_responses.xlsx","HiFreq","Conf",0.33886351847437,4.07086223661201e-05,0.699162530321269,0.998379162538261,8.15656046987482e-05,1.61594788593505,0.841023881700039
"../data/20kmkNdmxVqWCIS3cNfy_responses.xlsx","AllFreq","Conf",0.178584113730287,4.0706388943671e-05,0.424062850478742,0.635345398451153,0.114718533462254,1.03320732630051,0.731589606181387
"../data/20kmkNdmxVqWCIS3cNfy_responses.xlsx","LoFreq","Conf",0.318366724358429,4.0697029004831e-05,0.448891729382513,0.0493953822915598,3.13384721580352e-05,0.72850376673693,0.668635205514875
"../data/20kmkNdmxVqWCIS3cNfy_responses.xlsx","HiFreq","Conf",0,4.0716559510992e-05,0.370494532487087,1.15085142542725,0.636890188670544,1.42085169820617,0.791805132200807
"../data/26Y7x8Mxrs2uYKsOK6Me_responses.xlsx","AllFreq","Conf",0.429253374881621,0.0704732934004903,0.57293219460478,0.818589065286495,0.344166882568522,1.37953689272153,0.839252180736821
"../data/26Y7x8Mxrs2uYKsOK6Me_responses.xlsx","LoFreq","Conf",0.683389051311098,0.236819257546289,0.838315181896803,0.979671383276374,8.14575840583495e-05,1.85099373486513,0.922444971065943
"../data/26Y7x8Mxrs2uYKsOK6Me_responses.xlsx","HiFreq","Conf",0.190598195279687,4.07034015832582e-05,0.377674887072447,0.72827541640759,0.242479476635166,1.22059508634253,0.754378782825825
"../data/2BU3ABHCxKPryrTskobX_responses.xlsx","AllFreq","Conf",0,5.76738391358371e-05,0.107271902676394,0,3.13384721580352e-05,0.0994762648931885,0.499968328757859
"../data/2BU3ABHCxKPryrTskobX_responses.xlsx","LoFreq","Conf",0,6.60408543905442e-05,0.0809134462632589,0,3.13384721580352e-05,0.0839966868630725,0.499968328757859
"../data/2BU3ABHCxKPryrTskobX_responses.xlsx","HiFreq","Conf",0.0663008540646175,4.07254855252239e-05,0.256493883986645,0,3.13384721580352e-05,0.273220619409715,0.53311665595993
"../data/35dAEhLbJITN0UNcxYTm_responses.xlsx","AllFreq","Conf",0.0212100880739885,4.08674368231151e-05,0.0948291109414901,0.191080496209907,8.14535314711478e-05,0.4580288210146,0.563156815936054
"../data/35dAEhLbJITN0UNcxYTm_responses.xlsx","LoFreq","Conf",0,6.60408543905442e-05,0.0550526702089459,0.0980383500512662,8.15979594978416e-05,0.384527065281282,0.527595055208167
"../data/35dAEhLbJITN0UNcxYTm_responses.xlsx","HiFreq","Conf",0.0599542080654458,4.06922071136003e-05,0.188562238664004,0.250460838049596,8.14200100464934e-05,0.619360270275197,0.595994764260013
"../data/3gjgXV5oRLIHsS9R4idI_responses.xlsx","AllFreq","Conf",0,4.57635529148633e-05,0.10115005798212,0,3.13384721580352e-05,0.103078257488102,0.499968328757859
"../data/3gjgXV5oRLIHsS9R4idI_responses.xlsx","LoFreq","Conf",0,6.60408543905442e-05,0.11648143476375,0,3.13384721580352e-05,0.123632315226483,0.499968328757859
"../data/3gjgXV5oRLIHsS9R4idI_responses.xlsx","HiFreq","Conf",0,6.60408543905442e-05,0.157487775311951,0,3.13384721580352e-05,0.168868569109621,0.499968328757859
"../data/3PwxlD6Y7RDPN1Ctf82w_responses.xlsx","AllFreq","Conf",0.175861174039069,4.07029353334001e-05,0.383565568136822,0.708704013140097,0.235545842390206,1.13120831753013,0.745915301853529
"../data/3PwxlD6Y7RDPN1Ctf82w_responses.xlsx","LoFreq","Conf",0.467628422783154,4.07108614882498e-05,0.677189354242296,0.553793874869226,8.15188623800081e-05,1.34468461857315,0.814802182870608
"../data/3PwxlD6Y7RDPN1Ctf82w_responses.xlsx","HiFreq","Conf",0,4.06926457400984e-05,0.187417909958462,0.644860932280941,0.248603489509983,0.919157497059585,0.67568206887654
"../data/3U0or9D0yXooHchaEbQ4_responses.xlsx","AllFreq","Conf",0.396865049946298,0.114294135252162,0.50346983213539,0.837471974326261,0.419253389399589,1.38161795858737,0.832840505830063
"../data/3U0or9D0yXooHchaEbQ4_responses.xlsx","LoFreq","Conf",0.548491076670126,4.07420829035856e-05,0.697367065177046,1.24035640661096,0.578266443682902,2.12332641693618,0.913747622108531
"../data/3U0or9D0yXooHchaEbQ4_responses.xlsx","HiFreq","Conf",0.238894752123337,0.0231480520651373,0.375662655522144,0.607746897352408,0.0936927954699872,1.08572017702238,0.745914042127879
"../data/42EdqEDitqM3OH15Uyya_responses.xlsx","AllFreq","Conf",0,4.57763637185456e-05,0.0441630887456423,0,3.13384721580352e-05,0.178990356232142,0.499968328757859
"../data/42EdqEDitqM3OH15Uyya_responses.xlsx","LoFreq","Conf",0,6.60408543905442e-05,0.044190177275435,0,3.13384721580352e-05,0.0900903338343153,0.499968328757859
"../data/42EdqEDitqM3OH15Uyya_responses.xlsx","HiFreq","Conf",0,4.5775590818401e-05,0.0829002748024324,0.266774725237131,0.00632576843586587,0.529152110403791,0.574756628535397
"../data/4gycIiueXXKkAQ0sPtji_responses.xlsx","AllFreq","Conf",0,4.07040939323562e-05,0.19721290948295,0.591580470718948,0.229337717758034,0.813301055521768,0.662033932406757
"../data/4gycIiueXXKkAQ0sPtji_responses.xlsx","LoFreq","Conf",0.268265914869949,4.07003410770956e-05,0.473189198613422,0.280551281497007,8.13817640688745e-05,0.83595875888368,0.691604872453354
"../data/4gycIiueXXKkAQ0sPtji_responses.xlsx","HiFreq","Conf",0,4.57632715866351e-05,0.0773063351556433,0.492740993732667,0.215622495075382,0.7730599171636,0.636150641459153
"../data/4o9gKp3jnoFy8J2pmGVh_responses.xlsx","AllFreq","Conf",0,4.07037481454664e-05,0.904640794895601,2.50532341234789,8.14436387015968e-05,2.76405646310564,0.95875972896556
"../data/4o9gKp3jnoFy8J2pmGVh_responses.xlsx","LoFreq","Conf",0,4.06924423017665e-05,0.893327594989929,2.33268526089328,8.17551725387765e-05,2.6355068706673,0.948172093958874
"../data/4o9gKp3jnoFy8J2pmGVh_responses.xlsx","HiFreq","Conf",0,4.07101770743271e-05,0.955340619361416,2.7255979456087,8.16387233067896e-05,3.08276011404341,0.968848504803873
"../data/4SeUCr4ST8Oa40LiOKxd_responses.xlsx","AllFreq","Conf",0.189721616815786,4.06976100351144e-05,0.309204626557402,0,3.13384721580352e-05,0.368679102315945,0.594823128446933
"../data/4SeUCr4ST8Oa40LiOKxd_responses.xlsx","LoFreq","Conf",0.104144439699471,4.07674097764267e-05,0.259505408975849,0,3.13384721580352e-05,0.377800458545265,0.552037250224657
"../data/4SeUCr4ST8Oa40LiOKxd_responses.xlsx","HiFreq","Conf",0.266054185049894,4.06932083976898e-05,0.440415175999144,0.0382615342524729,3.13384721580352e-05,0.546317836364086,0.64090577912566
"../data/5hEVrS5OUJ37PXjM2jVj_responses.xlsx","AllFreq","Conf",0.0461833183752585,6.12156713652454e-05,0.349200673720066,0,3.13384721580352e-05,0.197239728474673,0.523058525262513
"../data/5hEVrS5OUJ37PXjM2jVj_responses.xlsx","LoFreq","Conf",0.229115396084119,4.07031476687228e-05,0.548418032495504,0,3.13384721580352e-05,0.344110260054757,0.614518770431459
"../data/5hEVrS5OUJ37PXjM2jVj_responses.xlsx","HiFreq","Conf",0,4.0697325613559e-05,0.291623007671162,0,3.13384721580352e-05,0.172093964854806,0.499968328757859
"../data/5jcUEO9WFjMe4oUaPfCM_responses.xlsx","AllFreq","Conf",0,4.57598152543246e-05,0.054210776154624,0,3.13384721580352e-05,0.19110312958365,0.499968328757859
"../data/5jcUEO9WFjMe4oUaPfCM_responses.xlsx","LoFreq","Conf",0,6.60408543905442e-05,0.0474802515180636,0,3.13384721580352e-05,0.190991393316797,0.499968328757859
"../data/5jcUEO9WFjMe4oUaPfCM_responses.xlsx","HiFreq","Conf",0,4.57656565220364e-05,0.11624255288071,0.031436311571075,3.13384721580352e-05,0.298451395384349,0.5088334467805
"../data/5KsLDbBTCb9P7hFB9xVx_responses.xlsx","AllFreq","Conf",0.23710613668926,0.045943378518173,0.343777042910473,0.0859815575612381,8.15156860881116e-05,0.495110051000766,0.637001422660433
"../data/5KsLDbBTCb9P7hFB9xVx_responses.xlsx","LoFreq","Conf",0.37316940153067,4.0720790573241e-05,0.595419114639464,0.538196996393019,8.15740422461329e-05,1.17390194017138,0.779404581544895
"../data/5KsLDbBTCb9P7hFB9xVx_responses.xlsx","HiFreq","Conf",0.0318842839036927,4.14403870742853e-05,0.127366271676856,0,3.13384721580352e-05,0.234560640163252,0.515909460894818
"../data/665rTvPXsHfxTWQva0Td_responses.xlsx","AllFreq","Conf",0.174026296362799,0.0476802156688078,0.262317258967235,0.550874284841252,8.14407290041138e-05,1.07586023941413,0.712095592866262
"../data/665rTvPXsHfxTWQva0Td_responses.xlsx","LoFreq","Conf",0.278124875203345,0.11529736019292,0.405821246958754,0.505516518319772,8.13927964793109e-05,1.23112525759934,0.739761251795699
"../data/665rTvPXsHfxTWQva0Td_responses.xlsx","HiFreq","Conf",0.0914905761369084,4.06956129203567e-05,0.189348068160882,0.484766677245018,8.14224843619994e-05,1.13394553719267,0.667506596310432
"../data/6hMH5A4co701o6YQqvxh_responses.xlsx","AllFreq","Conf",0,4.06938692965386e-05,0.151703965069743,0.0228931679876557,3.13384721580352e-05,0.23613081239751,0.506424522349334
"../data/6hMH5A4co701o6YQqvxh_responses.xlsx","LoFreq","Conf",0,4.57633314292805e-05,0.0897709856124918,0,3.13384721580352e-05,0.132521764110984,0.499968328757859
"../data/6hMH5A4co701o6YQqvxh_responses.xlsx","HiFreq","Conf",0,4.08121090491959e-05,0.363125764516444,0.245887153610039,8.13823100364142e-05,0.517210945629737,0.568962717636623
"../data/7ND4KAS1RxhJDpUwDTwU_responses.xlsx","AllFreq","Conf",0,4.06943133757185e-05,0.484017919241816,0.3038165968063,8.1403355737271e-05,0.594150995260477,0.584990846045912
"../data/7ND4KAS1RxhJDpUwDTwU_responses.xlsx","LoFreq","Conf",0,4.07049952563317e-05,0.500026483892386,0.214632278537128,3.13384721580352e-05,0.569574323377651,0.560265441305546
"../data/7ND4KAS1RxhJDpUwDTwU_responses.xlsx","HiFreq","Conf",0,4.07040325190759e-05,0.613933907456524,0.397005052984471,8.13947001557717e-05,0.777575284239242,0.610467402605082
"../data/7xvrlhTGaMaefbV3JmYm_responses.xlsx","AllFreq","Conf",0,4.07329174203691e-05,0.430824981739053,1.00018669621765,0.282174306179203,1.2031031844799,0.760058230974664
"../data/7xvrlhTGaMaefbV3JmYm_responses.xlsx","LoFreq","Conf",0.381234358159366,4.0765193008761e-05,0.652829568796099,0.640412606153345,8.13931436090614e-05,1.36087830517231,0.798576082482668
"../data/7xvrlhTGaMaefbV3JmYm_responses.xlsx","HiFreq","Conf",0,4.17973325835209e-05,0.327871336826205,0.864691061062082,0.317901075238211,1.11086976185924,0.729362060388667
"../data/8080qLaYPMjGX1vGUvI4_responses.xlsx","AllFreq","Conf",0.0420424389112978,4.0784078407175e-05,0.182954610376779,0,3.13384721580352e-05,0.212669494945481,0.520988216677779
"../data/8080qLaYPMjGX1vGUvI4_responses.xlsx","LoFreq","Conf",0,7.00579920206737e-05,0.123900613048478,0,3.13384721580352e-05,0.13155429016162,0.499968328757859
"../data/8080qLaYPMjGX1vGUvI4_responses.xlsx","HiFreq","Conf",0,4.06991816047873e-05,0.315604755508946,0.209788785940333,3.13384721580352e-05,0.454339072410563,0.558914906921927
"../data/86SWdPFJX1UrRk3KXIhK_responses.xlsx","AllFreq","Conf",0.150005558647764,4.07155465856289e-05,0.334480400140535,1.01486605173648,0.575209931491678,1.43285303706916,0.798739822652351
"../data/86SWdPFJX1UrRk3KXIhK_responses.xlsx","LoFreq","Conf",0.19092215082985,4.07473537953235e-05,0.460967148069849,1.25738381895878,0.641359073832775,1.75784766210591,0.848349519632393
"../data/86SWdPFJX1UrRk3KXIhK_responses.xlsx","HiFreq","Conf",0.110593405731543,4.07063820559177e-05,0.30431765533325,0.79086010981678,0.27026894767579,1.23058814771759,0.743689566071225
"../data/8Oo65iouDr7MttFr8eU9_responses.xlsx","AllFreq","Conf",0.14170489295782,4.06971382555696e-05,0.234236862852444,0.799966883133819,0.483619616731594,1.15933478383705,0.75452927045535
"../data/8Oo65iouDr7MttFr8eU9_responses.xlsx","LoFreq","Conf",0.299804652456694,0.0722685455504369,0.464714885575769,0.885528700032096,0.381878748908166,1.35083191778062,0.813836655375781
"../data/8Oo65iouDr7MttFr8eU9_responses.xlsx","HiFreq","Conf",0,6.60408543905442e-05,0.048685381555295,0.713198656727227,0.368716694540493,1.06581852731458,0.692842844194274
"../data/90DNbHPl7P8OyednEqux_responses.xlsx","AllFreq","Conf",0.209640839662603,4.07030913244785e-05,0.523493729476756,1.26315386478215,0.700925907509563,1.66285859868188,0.852710327142177
"../data/90DNbHPl7P8OyednEqux_responses.xlsx","LoFreq","Conf",0.165071186410463,4.06930252964288e-05,0.484242282903596,0.926626523107024,0.244260642306313,1.35568314561046,0.785919862592891
"../data/90DNbHPl7P8OyednEqux_responses.xlsx","HiFreq","Conf",0,4.07036812295186e-05,0.64694303638111,1.96998557189524,1.1081238204552,2.29953295844329,0.916903739324198
"../data/9h0L5vT6bf7msMH7rpBb_responses.xlsx","AllFreq","Conf",0.462364247717731,0.139224315059085,0.588791724213007,0.0428265229548893,8.14413649587623e-05,0.59068164226541,0.737628346242673
"../data/9h0L5vT6bf7msMH7rpBb_responses.xlsx","LoFreq","Conf",0.343981334966544,4.06976369379778e-05,0.516916804472907,0.0286858874965686,8.13983156364054e-05,0.652631778574339,0.67725499825201
"../data/9h0L5vT6bf7msMH7rpBb_responses.xlsx","HiFreq","Conf",0.581373935632288,0.125417722002246,0.731815819709174,0.0622427837635504,8.14517731095245e-05,0.854780481156468,0.797982742092245
"../data/9MPVq5xRrEEViGom5moa_responses.xlsx","AllFreq","Conf",0.417421756459869,4.06945579957613e-05,0.614254805757328,0.699068219875318,0.168272696985317,1.29426167561087,0.818951510171246
"../data/9MPVq5xRrEEViGom5moa_responses.xlsx","LoFreq","Conf",0.625725109193167,0.00641639714530594,0.813898299407267,0.618777930952453,8.14103888789093e-05,1.51796576588588,0.876050750023751
"../data/9MPVq5xRrEEViGom5moa_responses.xlsx","HiFreq","Conf",0.210054245531897,4.07061908105979e-05,0.497594842197857,0.734001665128332,0.143521280191521,1.21709775534628,0.761394314414702
"../data/9NKjDpjUgYbaskMUxY0E_responses.xlsx","AllFreq","Conf",0.338554567555877,4.07130590605743e-05,0.535202580608261,0.507358336848172,8.14603742271216e-05,1.12294994299852,0.761860027524563
"../data/9NKjDpjUgYbaskMUxY0E_responses.xlsx","LoFreq","Conf",0.282885497821466,4.07149805749335e-05,0.449496703754389,0.206356358991596,8.1405920397692e-05,0.863162968099126,0.682985296802144
"../data/9NKjDpjUgYbaskMUxY0E_responses.xlsx","HiFreq","Conf",0.317359065176654,4.07095534720605e-05,0.664470827391934,0.992226760245085,0.0309722651292115,1.58107912985915,0.834938387233251
"../data/9PM1e0t89EI4lSHm1mau_responses.xlsx","AllFreq","Conf",0.159382322792302,0.0363436062237412,0.258906900142639,0.108951135942189,8.15012134034021e-05,0.503573592266851,0.60545781324663
"../data/9PM1e0t89EI4lSHm1mau_responses.xlsx","LoFreq","Conf",0.315096314377782,4.07197417667019e-05,0.52125898231849,0.801828588837808,0.146341487051795,1.41596627893989,0.804391484419739
"../data/9PM1e0t89EI4lSHm1mau_responses.xlsx","HiFreq","Conf",0,6.60408543905442e-05,0.0283635516500882,0,3.13384721580352e-05,0.124823532761882,0.499968328757859
"../data/9rpiFGFvclamDrbyalHn_responses.xlsx","AllFreq","Conf",0.13218066594456,4.07000298069572e-05,0.586672926721815,0.321115880466037,8.13921005479081e-05,0.739413278334586,0.64396777718548
"../data/9rpiFGFvclamDrbyalHn_responses.xlsx","LoFreq","Conf",0,4.06921107398383e-05,0.608035640999239,0.632628171311898,8.1433696158307e-05,1.09759017785315,0.672568690535172
"../data/9rpiFGFvclamDrbyalHn_responses.xlsx","HiFreq","Conf",0.328505131884724,4.06942598405417e-05,0.606065347836416,0,3.13384721580352e-05,0.606816453052833,0.664210490535424
"../data/9wMxnd2HhYrD63Ni7y9R_responses.xlsx","AllFreq","Conf",0.108203173112597,4.06975381538692e-05,0.329959660341897,0.136714972900749,3.13384721580352e-05,0.461561849910613,0.588396899025611
"../data/9wMxnd2HhYrD63Ni7y9R_responses.xlsx","LoFreq","Conf",0,4.07053440255926e-05,0.406628466985211,0.388793961920935,8.14097019866479e-05,0.650630054702979,0.608239971222702
"../data/9wMxnd2HhYrD63Ni7y9R_responses.xlsx","HiFreq","Conf",0.133836043974382,4.07424284492461e-05,0.309881827691482,0,3.13384721580352e-05,0.380676305019715,0.566882111991617
"../data/a0mGaLjGavE4oQHYsCUv_responses.xlsx","AllFreq","Conf",0.47677566763396,0.264793387524679,0.560737496052629,1.00642152418282,0.256156931996616,1.735557064602,0.875056854272316
"../data/a0mGaLjGavE4oQHYsCUv_responses.xlsx","LoFreq","Conf",0.49019143062945,0.228816680200541,0.606491859755297,1.00318663399158,8.14274079513096e-05,1.87113799163138,0.877894309019666
"../data/a0mGaLjGavE4oQHYsCUv_responses.xlsx","HiFreq","Conf",0.463690730620715,0.0916489470652789,0.572847001286062,1.01111723142952,0.00513986361798799,2.01653228496521,0.872486989710069
"../data/a6d5HiN2MT67uLxuw77D_responses.xlsx","AllFreq","Conf",0,4.57701298339758e-05,0.0481528994720449,0,3.13384721580352e-05,0.158280097071848,0.499968328757859
"../data/a6d5HiN2MT67uLxuw77D_responses.xlsx","LoFreq","Conf",0,6.60408543905442e-05,0.036233194408952,0,3.13384721580352e-05,0.115335977073239,0.499968328757859
"../data/a6d5HiN2MT67uLxuw77D_responses.xlsx","HiFreq","Conf",0.0127487928140341,4.5770643525484e-05,0.136146213065145,0.0777202719282811,3.13384721580352e-05,0.37521028778161,0.527970839181762
"../data/a7UHvqavy3wNbVwTLSPW_responses.xlsx","AllFreq","Conf",0.212532581896851,4.06981404068672e-05,0.399951639448014,0.725801501489501,0.328876585122486,1.15106121922119,0.760550195935593
"../data/a7UHvqavy3wNbVwTLSPW_responses.xlsx","LoFreq","Conf",0.465045271316864,0.0162827835775533,0.677324949385696,0.654047739895533,8.1414923660246e-05,1.31893917316112,0.827691801391211
"../data/a7UHvqavy3wNbVwTLSPW_responses.xlsx","HiFreq","Conf",0,4.06964604427629e-05,0.203590281207027,0.715828466905837,0.326773350577422,1.00887359822895,0.693495119159707
"../data/a9myavWihbGPimDfeBuw_responses.xlsx","AllFreq","Conf",0.435072941094343,0.21283689691323,0.543960064162847,0.960603792717307,0.386351551131092,1.53462901555848,0.859403679965453
"../data/a9myavWihbGPimDfeBuw_responses.xlsx","LoFreq","Conf",0.436494564666838,0.173328787526682,0.583039375483609,0.882293615256921,0.0538887345523168,1.5994879678997,0.849719549812107
"../data/a9myavWihbGPimDfeBuw_responses.xlsx","HiFreq","Conf",0.437168490479683,0.113170668913674,0.588191066826608,1.02747881015885,0.220050262249135,1.76686393686575,0.868189153182811
"../data/ACgyhnxLa8BwQEp0jqg4_responses.xlsx","AllFreq","Conf",0.0721172298868005,4.07028066910227e-05,0.461210982982496,0.523006571209482,8.13849019804769e-05,0.810966277080052,0.669805212571646
"../data/ACgyhnxLa8BwQEp0jqg4_responses.xlsx","LoFreq","Conf",0.335089007411648,4.07004128091603e-05,0.500012621411503,0,3.13384721580352e-05,0.575278955903248,0.66750221977918
"../data/ACgyhnxLa8BwQEp0jqg4_responses.xlsx","HiFreq","Conf",0,4.06921487766443e-05,0.347006361182729,0.838845593339434,0.412677015878191,1.14979800135291,0.72328932588016
"../data/aFdlob7xQe0Nkoo5bIM0_responses.xlsx","AllFreq","Conf",0.0924292464950098,4.06965634937122e-05,0.304823665023932,0.833613260828532,0.394690610008116,1.15869914316256,0.747726158744172
"../data/aFdlob7xQe0Nkoo5bIM0_responses.xlsx","LoFreq","Conf",0.269813119586383,4.07238977990012e-05,0.509206470724906,0.747486620324763,0.0732230725787903,1.32233183602615,0.781851551181717
"../data/aFdlob7xQe0Nkoo5bIM0_responses.xlsx","HiFreq","Conf",0,4.06910024852808e-05,0.213851714102817,0.784493034700994,0.347213192420246,1.04866694840693,0.710302580776897
"../data/aFWuMmWP6ingJtdOPLps_responses.xlsx","AllFreq","Conf",0.0258654482097586,4.09068818631328e-05,0.0982640641051036,0.110459942808915,8.16072595224709e-05,0.411467961463802,0.543215503706506
"../data/aFWuMmWP6ingJtdOPLps_responses.xlsx","LoFreq","Conf",0,6.60408543905442e-05,0.0467540259122417,0,3.13384721580352e-05,0.269724597452749,0.499968328757859
"../data/aFWuMmWP6ingJtdOPLps_responses.xlsx","HiFreq","Conf",0.0672611364811621,4.0696343312174e-05,0.202893688729966,0.230627652143722,8.13964909236954e-05,0.634907706304072,0.593993057291755
"../data/aJcrJ8M1IchvYCFKj7lp_responses.xlsx","AllFreq","Conf",0.0398447941553133,5.80460675900111e-05,0.184443550204562,0,3.13384721580352e-05,0.193698051277924,0.519889463902018
"../data/aJcrJ8M1IchvYCFKj7lp_responses.xlsx","LoFreq","Conf",0,4.07021304572955e-05,0.0840374658841418,0,3.13384721580352e-05,0.0931083727639875,0.499968328757859
"../data/aJcrJ8M1IchvYCFKj7lp_responses.xlsx","HiFreq","Conf",0.244061770941468,4.0690825770774e-05,0.409770477471692,0,3.13384721580352e-05,0.487076874480771,0.621991484489627
"../data/Ak2Wvv4oJPUi339vLe63_responses.xlsx","AllFreq","Conf",0.335826238079528,0.146189260057046,0.471452474361234,0.552304893138788,0.186629952496775,0.915721118098136,0.768720278563251
"../data/Ak2Wvv4oJPUi339vLe63_responses.xlsx","LoFreq","Conf",0.415470458170225,0.261800255069726,0.533968651722483,0,3.13384721580352e-05,0.41504335434435,0.707690399377952
"../data/Ak2Wvv4oJPUi339vLe63_responses.xlsx","HiFreq","Conf",0.106717367915502,5.34068623126368e-05,0.389939032506715,1.38162307536111,0.873970562139672,1.83193477974036,0.852769509933296
"../data/aknEH1A6P6TPkt4UtWP4_responses.xlsx","AllFreq","Conf",0.0491312785204689,4.0746116557679e-05,0.196257024969724,0.169431906517741,3.13384721580352e-05,0.446944857301839,0.569858501622548
"../data/aknEH1A6P6TPkt4UtWP4_responses.xlsx","LoFreq","Conf",0.161695667926258,4.0699431468941e-05,0.385901942240222,0.293537681459105,8.14951331363997e-05,0.739454206888078,0.649707759119337
"../data/aknEH1A6P6TPkt4UtWP4_responses.xlsx","HiFreq","Conf",0,6.60408543905442e-05,0.0800528874856875,0,3.13384721580352e-05,0.223744182261113,0.499968328757859
"../data/aM3Kw1D888nylpTvov6u_responses.xlsx","AllFreq","Conf",0.012791449652407,4.57688491761731e-05,0.0799911500765521,0.0176774839541022,3.13384721580352e-05,0.257226963201859,0.511285269533801
"../data/aM3Kw1D888nylpTvov6u_responses.xlsx","LoFreq","Conf",0,4.57631093688681e-05,0.0957617444886204,0.13555467756568,8.13816757071625e-05,0.401807171487667,0.538138710971907
"../data/aM3Kw1D888nylpTvov6u_responses.xlsx","HiFreq","Conf",0.0163078648062466,6.60408543905442e-05,0.102845555670705,0,3.13384721580352e-05,0.216352479014674,0.508121744670916
"../data/APb1yHY02MDw6uIMXsGP_responses.xlsx","AllFreq","Conf",0,5.22751370320326e-05,0.179458872859688,0.010848396512863,3.13384721580352e-05,0.208548504518695,0.503027840886261
"../data/APb1yHY02MDw6uIMXsGP_responses.xlsx","LoFreq","Conf",0,5.01616059471495e-05,0.10905550470162,0,3.13384721580352e-05,0.109449296399469,0.499968328757859
"../data/APb1yHY02MDw6uIMXsGP_responses.xlsx","HiFreq","Conf",0,4.06959411601057e-05,0.355008540980898,0.257633000766382,8.13841076287002e-05,0.512541812959416,0.572222770215376
"../data/aq479F2OiHvxdVs3uE1d_responses.xlsx","AllFreq","Conf",0.262241045131992,0.0442794869605341,0.379138109987922,0.115071006738371,8.15302002579043e-05,0.579219408318346,0.65499563787489
"../data/aq479F2OiHvxdVs3uE1d_responses.xlsx","LoFreq","Conf",0.174028069618596,4.06985907268541e-05,0.607027198311093,1.3837265201315,0.561253516663089,1.84697278143018,0.864130412629038
"../data/aq479F2OiHvxdVs3uE1d_responses.xlsx","HiFreq","Conf",0,6.60408543905442e-05,0.0712483706808372,0,3.13384721580352e-05,0.137846634391526,0.499968328757859
"../data/aTLctsSSDxDNOxjny6hM_responses.xlsx","AllFreq","Conf",0.204297272823355,4.06965310650916e-05,0.866750406874045,2.90364958503637,1.56965427757639,3.3681668105348,0.978649999445224
"../data/aTLctsSSDxDNOxjny6hM_responses.xlsx","LoFreq","Conf",0.581918495302792,4.07041945889077e-05,0.944411575740762,2.44776041215844,8.15422199780086e-05,3.35961460837595,0.979798114896084
"../data/aTLctsSSDxDNOxjny6hM_responses.xlsx","HiFreq","Conf",0,4.0814244896353e-05,0.878227009392558,3.09132588239162,1.55859121882236,3.55345314190234,0.978531212176904
"../data/b1UDYv3vLQsRXOqb33ga_responses.xlsx","AllFreq","Conf",0.334911370324968,0.127720126878225,0.450597116816344,0,3.13384721580352e-05,0.309568536446771,0.66741340686167
"../data/b1UDYv3vLQsRXOqb33ga_responses.xlsx","LoFreq","Conf",0.308427815920317,0.0931478265063546,0.459434935119406,0,3.13384721580352e-05,0.287723063371523,0.654172468426623
"../data/b1UDYv3vLQsRXOqb33ga_responses.xlsx","HiFreq","Conf",0.330362725309535,4.07075497142147e-05,0.50959840334123,0.064110609462237,3.13384721580352e-05,0.689348637727311,0.677242404857225
"../data/BBhfuqXNkrBhghK87DsX_responses.xlsx","AllFreq","Conf",0.129178597210525,4.0708787676191e-05,0.255231892759934,0.696040893998707,0.255149623199029,1.13367268269245,0.728784261363671
"../data/BBhfuqXNkrBhghK87DsX_responses.xlsx","LoFreq","Conf",0.131670143286932,4.07353758939343e-05,0.32901979799776,0.906724601292637,0.29277170605845,1.40050082169995,0.773420109389463
"../data/BBhfuqXNkrBhghK87DsX_responses.xlsx","HiFreq","Conf",0.128578052401773,4.07015702933317e-05,0.280484077514544,0.483742933561611,8.14399414885742e-05,1.03695595023731,0.680838642028903
"../data/BBQgWA4Em8oSWMLx6pD6_responses.xlsx","AllFreq","Conf",0.535439430189102,0.325165529087859,0.644431088107195,1.04931925146698,0.589865316272663,1.5131222309793,0.893335907312121
"../data/BBQgWA4Em8oSWMLx6pD6_responses.xlsx","LoFreq","Conf",0.762860036206129,0.449885407463756,0.879974582534339,1.37721263642457,0.292208370016602,2.21249787822702,0.960390354650372
"../data/BBQgWA4Em8oSWMLx6pD6_responses.xlsx","HiFreq","Conf",0.312958222895801,0.0300484174978268,0.464438584750381,0.939573192128172,0.458609860417104,1.42888250949103,0.82581567339821
